1
20
35
50
12
3
4
9
10
50
13
88
100
50
79
60
45
33
12
1
20
35
50
12
3
4
9
10
50
13
88
100
50
79
60
45
33
12
1
20
35
50
12
3
4
9
10
50
13
88
100
50
79
60
45
33
12
1
20
35
50
12
3
4
9
10
50
13
88
100
50
79
60
45
33
12
1
20
35
50
12
3
4
9
10
50
13
88
100
50
79
60
45
33
12
1
20
35
50
12
3
4
9
10
50
13
88
100
50
79
60
45
33
12
1
20
35
50
12
3
4
9
10
50
13
88
100
50
79
60
45
33
12
1
20
35
50
12
3
4
9
10
50
13
88
100
50
79
60
45
33
12
1
20
35
50
12
3
4
9
10
50
13
88
100
50
79
60
45
33
12
1
20
35
50
12
3
4
9
10
50
13
88
100
50
79
60
45
33
12
1
20
35
50
12
3
4
9
10
50
13
88
100
50
79
60
45
33
12
1
20
35
50
12
3
4
9
10
50
13
88
100
50
79
60
45
33
12
1
20
35
50
12
3
4
9
10
50
13
88
100
50
79
60
45
33
12
1
20
35
50
12
3
4
9
10
50
13
88
100
50
79
60
45
33
12
1
20
35
50
12
3
4
9
10
50
13
88
100
50
79
60
45
33
12
1
20
35
50
12
3
4
9
10
50
13
88
100
50
79
60
45
33
12
1
20
35
50
12
3
4
9
10
50
13
88
100
50
79
60
45
33
12
1
20
35
50
12
3
4
9
10
50
13
88
100
50
79
60
45
33
12
1
20
35
50
12
3
4
9
10
50
13
88
100
50
79
60
45
33
12
1
20
35
50
12
3
4
9
10
50
13
88
100
50
79
60
45
33
12
1
20
35
50
12
3
4
9
10
50
13
88
100
50
79
60
45
33
12
1
20
35
50
12
3
4
9
10
50
13
88
100
50
79
60
45
33
12
1
20
35
50
12
3
4
9
10
50
13
88
100
50
79
60
45
33
12
1
20
35
50
12
3
4
9
10
50
13
88
100
50
79
60
45
33
12
1
20
35
50
12
3
4
9
10
50
13
88
100
50
79
60
45
33
12
1
20
35
50
12
3
4
9
10
50
13
88
100
50
79
60
45
33
12
1
20
35
50
12
3
4
9
10
50
13
88
100
50
79
60
45
33
12
1
20
35
50
12
3
4
9
10
50
13
88
100
50
79
60
45
33
12
1
20
35
50
12
3
4
9
10
50
13
88
100
50
79
60
45
33
12
